$ANSIBLE_VAULT;1.1;AES256
35356666396634396532303764313539366331343866653265653037376439376263393535663263
3537633431326238626232336332343433323233303166310a316135346134313262663032333437
62663665303331326161376232393839656233356436616534383762306531373261363161653338
3438383366646634650a393138343935643661666430383235636335343530663938393233313662
65323266393238366131643734356137643139643965376263633237393666623331383963386137
35613739346636613132613862386466613331333661323135313062646436663661653432393032
38393565376538663166653066303135396632313138303865353836303265616661396430323336
34316433633561393230333334666464616430386337356236363730363562333338666630373431
32323837383038323066313135306339663532653633616431303239363962333262333162383733
65663362643434623331333437643033316634323332633135666333313864663933643761656566
66316362333331366337376566393530303931633836613932636663326234623139313863376164
65633465626365356637326532346362663135336261656163316637393863623264373136353937
63616362643264366237663031346334313636613732326361626163326333643930663235646339
37623863396234633532646434656134396230376563663366623034313063383337363762643239
66383335616235396638363564376130356334393666663763306331636233336136373933663533
39653432656565323132366166613236396231323566333063363936313836306161333234656234
36363337623064613137353834656538366238363964646162393532356331323162323631343561
34396266613131326362323736353938356561633739386138396562356430353164353633383739
61643866626630336661653937626435643339353333653638363034323366623834613736636164
36396663626333323761303338656435643635383830633362303563353361333538626266343531
38386566353464343162373032316439353364626334643333653062373434356239393132336564
66346434616137346336356238393163633938336636303734663165353739373134323866646337
66326165316266326236383836623236316265373835653134313237643434306330353562373934
35323863366537616466653736316335363533316433303861636235373761633836363564366463
66306163643365333464353263333134663437663266333331353131363461383337616238363565
66326266313165313466643734363432383234623137346163366261656334383638633963316537
61626364663330636462306637633434653262333739616461643237343062653539663937643864
65636338396430326135623163376631343831393638343935326263636430363039316264346535
65626235663738383539356362613531303936656666313531306166353734323561653465326136
31336139626334643365373765313462616364623938333461303265333762373362383338323865
30656164646163303936663762613030323730363361393531346164316231336435306536306134
31356262343735386334613166343137616532353737663334356261616166346366393461643338
36613965393464613065376432383834623264396466393265653762643036643533363031633931
30326165313731313964393036626435353363383936356137336336356135616665666166373362
63336438616235323238643332396333633339336364393035316230373664373364326232383130
61363037616333616363363931376431393165363439316663323565393863653332643236336638
34663731383163616531356661396333353335666132346434306531346565333537373236633631
32326531376232363337316435316134613365353961393765343364626464353533356632396639
37326639303434393739643566343836383234653833323262333137633761343332363335303163
62623438663534313231616363616665396261643338373037396263323231343135303632363361
30356236393261353565323261633232343037383834326465313837616331356639343131343763
31386663393064353265643930656631316464373330633834393537633238326131346566346337
64333534643034346664663738616462356666306438323265336231393962663663393539313632
32643761393230613235613764653937356636666663393066393437376265323838313362336562
61633230393462306564303937303433666366396464316331616561663232373032616464366639
66316439623831353963343262323464323938373430386261346265626462356134666332326364
31656264653638323538613137313838636666393131396334353766366338396430393862373564
36656164353233613666343831306639313432323835623462643939623364316335383838353334
31383262333730663632643333303635333737393766656661373439656665623933303031643131
35316438646130646532393839616361666465346338333937613634663433636564383734313966
34313537643066303864656232366361613338643561383930656139633933616637386335653335
30663630313536363237626163613839663731383139356330363036376565656162363165626636
31346163323131303563616532386534396139666166623162363536636630666263306439663133
64616532306338653934633563376466616363373732303262393632356137313630313366343761
39373363323262356532626438383337633264323435653230613964343031333765653836373737
64353539626634326138666664646161643963366562646465613162343666343032656561316630
37656333353635376365646430333465363264666163363962653937616531633434646166376166
36613632663235383636663532306337303832393361333036613133316335626664353466333162
37306564356339343539323666386238323536653164363838663432666633393036326633303365
39323364666161393733666233643332613038653436643532623135623537313837376136303031
61383130313333393431346431636139326239363865633066623534383733323362643662393831
63653030313266353534613061313232366365616665363162656161666232356134393932343262
35333030353331353934336330323333353237303731653666376632396535336532303666646563
36333861356630303765323736366530633236356266333763376639616639396337386661303137
65626462663862393037663034656135613833653037366132353632353364336266356435633334
62346136343831613166343434333164303837653035336231663832646138616262376439343832
39656332323430386637353734626331656437643032376431323838636632663137366133636163
34366461326533633661393065393366373962646238386538663931373937663830663765356362
64623035336631346261626439366530363333663131643634383939633633323732653436366235
61303436363237613138373432353732343063303062633962633531666462363030663432333638
39643930333031636635316533633265333266626465366665393038653339656532363961643334
32656162306537666264346539356137336165613830336663653666633761353032623635653935
64666631333438313636363964373631303035613330613637666464393964373965643866663765
65636165326639373239633064646561643165376266306435313364393437323234396231383535
33343539336664333535313632373364343763653165353237663539393965353338646262623631
65306630613536376362643033663466333237643061663463333134653734356430373732326632
35323564343465326265353061653663396132306637656564303839343736333034353834343631
33613261646537626432346332393263353933623430306564303263386131336630373762346563
30343336626534396564646639636230376433613965663239643532663264346238343036313832
36613538363866623639366566393664663439393263653735663433636436323663393565656565
64346563633038633038643237343266366430623133303030653463666435633262386462633836
62613164666630386633386237633235656636356164336164633433333665303666333833353064
34343766623630393666316564393063656366313836356335373139366564303439663864653862
34353264636138626135653434393033353236393665636234396364653036323637353864313531
37333662353035346561346534303534336164373139333162336636366366666232316538656663
32653035393236613864653832626436336138306234393437343038353164633632666361346139
64336132366133623730353438356366666135666236643439303734316534656636383536356439
32626164376133366331
